1. 142.542 -1.238
2. 89.373 20.22
3. 116.43 -10.055
4. 80.159 20.951
5. 110.434 20.513
6. 93.26 38.946
7. 90.25 1.353
8. 100.488 0.622
9. 136.244 -1.238
10. 84.161 45.517
11. 124.598 -10.842
12. 82.06 28.41 
13. 119.94 30.166
14. 119.355 10.567
15. 66.557 23.584
16. 120.671 -0.841
17. 0 0 
18. 66.996 13.492 
19. 99.757 10.714
20. 123.889 19.781
21. 80.451 13.346
22. 131.056 5.887
23. 125.356 39.198
24. 136.467 23.584
25. 100.196 40.111
26. 100.049 30.604
27. 132.372 34.407
28. 105.607 1.353
29. 71.53 6.472 
30. 136.175 14.516
31. 66.411 20.659
32. 109.41 40.403