Energies -->

Level1      CPU      LPM       TX           RX           Overall 

1.		
2.
3.
4.
5.
6.
7.
8
9.
10.
11.
12.
13.
14.
15.
16.
18.
19.
20.
21.
22.
23.
24.
25.
26.
27.
28.
29.
30.
31.
32.


Level2      CPU      LPM       TX           RX           Overall 

1.		
2.
3.
4.
5.
6.
7.
8
9.
10.
11.
12.
13.
14.
15.
16.
18.
19.
20.
21.
22.
23.
24.
25.
26.
27.
28.
29.
30.
31.
32.

Level3      CPU      LPM       TX           RX           Overall 

1.		
2.
3.
4.
5.
6.
7.
8
9.
10.
11.
12.
13.
14.
15.
16.
18.
19.
20.
21.
22.
23.
24.
25.
26.
27.
28.
29.
30.
31.
32.

Level4      CPU      LPM       TX           RX           Overall 

1.		
2.
3.
4.
5.
6.
7.
8
9.
10.
11.
12.
13.
14.
15.
16.
18.
19.
20.
21.
22.
23.
24.
25.
26.
27.
28.
29.
30.
31.
32.

Level5      CPU      LPM       TX           RX           Overall 

1.		
2.
3.
4.
5.
6.
7.
8
9.
10.
11.
12.
13.
14.
15.
16.
18.
19.
20.
21.
22.
23.
24.
25.
26.
27.
28.
29.
30.
31.
32.